428.21259729150785
88.47542497529041
28.739665563407645
5.179932349823688
4.127368034924463
3.536145181682059
3.148362460407462
2.8547319164455023
2.606409495012653
2.3816311206984144
2.188931527953638
2.01423056155687
1.8647666800560991
1.7298834825840002
1.6141726614011094
1.5101806998760168
1.4207234323377438
1.3405772955304127
1.2714311633275563
1.209604541352184
1.1560858601367168
1.1082692650708164
1.0667166638686167
1.0295730809426584
0.9971468692649308
0.968109065549953
0.9426217435401747
0.9197256083087745
0.8995016453585836
0.8812514357687677
0.8650135478197021
0.850274596574597
0.8370529884059783
0.8249673389329317
0.8140281890340544
0.8039489152939543
0.7947385890376683
0.7861790649603969
0.7782809460684526
0.7708759075369263
0.7639772070971262
0.7574530122371468
0.751319377141654
0.7454713780889336
0.7399275420354164
0.7346029182062153
0.7295180035739399
0.7246027700219402
0.7198791536341751
0.7152883518673435
0.7108532537777554
0.7065235638646744
0.7023227120776261
0.6982069038479343
0.6941997779771789
0.6902625561819095
0.6864188285789455
0.6826337316856045
0.6789306135524467
0.6752777062500194
0.6716979750089815
0.6681621363972203
0.6646926738198184
0.6612623309752645
0.657893042736884
0.6545592360720307
0.6512822551116753
0.6480379500914322
0.6448470504510544
0.6416866316885464
0.6385767980024737
0.6354956980190076
0.6324628098179003
0.6294572370081677
0.6264978375294181
0.6235645770628168
0.6206757041393509
0.6178119723882086
0.6149910348610292
0.6121943730478854
0.6094390605094961
0.606707257047084
0.6040154739525618
0.6013465077457203
0.5987163253134259
0.596108324354212
0.5935379454359493
0.590989156541246
0.5884768899348413
0.5859856565914214
0.5835298982183895
0.5810946443191578
0.5786938633866876
0.5763130812418338
0.5739658100185149
0.5716380514645305
0.5693428776724189
0.5670667474230182
0.5648223085213625
0.5625964591387996
0.5604014379737445
0.5582245660100282
0.5560776874496284
0.5539485304316826
0.55184855871116
0.5497658927345865
0.5477116293134832
0.5456742670753754
0.5436645488639325
0.5416713380129378
0.5397050358653795
0.5377548575817085
0.5358308749832661
0.5339226427263354
0.532039914621891
0.5301725730012337
0.5283300647285815
0.5265025884666055
0.5246992947682009
0.5229106877325981
0.5211456318274195
0.5193949261176714
0.5176671588203373
0.5159534138974256
0.5142620127756283
0.5125843146273941
0.5109283831914592
0.5092858435283705
0.5076645104486938
0.506056265926426
0.5044686842758519
0.5028938957421785
0.5013392422613214
0.49979709402561323
0.4982745684097226
0.4967642675338433
0.49527309174024153
0.49379386734996905
0.4923332849253631
0.49088438754170494
0.4894536629688091
0.48803436385869553
0.4866327819217465
0.4852423724676692
0.4838692376364391
0.48250702872466483
0.48116166455661835
0.4798269859835901
0.4785087345438457
0.4772009344404242
0.4759091557391606
0.4746276000123431
0.4733616714592976
0.4721057432510259
0.47086505912673055
0.46963415828942384
0.46841812923277476
0.4672116718211817
0.4660197243329898
0.4648371421119688
0.4636687180740676
0.4625094580418863
0.461364014251411
0.4602275381781539
0.4591045458965873
0.45799032987725974
0.4568892743938313
0.4557968084157482
0.4547171886247863
0.4536459761488297
0.45258730414065834
0.45153686169600127
0.45049866236098435
0.44946851915287056
0.44845032979819954
0.4474400273283806
0.44644139730722376
0.44545048900666945
0.4444709793592905
0.4434990302327731
0.44253821333924553
0.4415847996214332
0.44064225886558367
0.4397069676882699
0.4387822971324844
0.4378647262025859
0.43695753027313206
0.43605728756112266
0.4351671807436437
0.4342838841820586
0.43341049072690496
0.43254376791860843
0.4316867215556841
0.43083620949155554
0.42999515315436154
0.42916049794010225
0.42833508349867916
0.4275159400904296
0.42670582809288643
0.4259018600413592
0.425106719463727
0.42431759866657165
0.42353710667067807
0.4227625131328011
0.4219963548319089
0.4212359764334824
0.4204838446654344
0.41973737693733004
0.4189989720449381
0.41826611795134644
0.41754114756978544
0.4168216172977606
0.4161097961487371
0.41540330690445276
0.41470435659690763
0.4140106324083835
0.4133242812455168
0.4126430527716053
0.41196903556400954
0.4113000399094227
0.4106380977941144
0.4099810783302969
0.40933095859545277
0.4086856647870957
0.40804712070229204
0.4074133079393022
0.40678609859108494
0.40616352802581973
0.4055474181584161
0.40493585654801106
0.40433061640901036
0.40372983596262974
0.4031352411534659
0.40254501938430176
0.40196085071538357
0.40138097029725156
0.4008070136475738
0.40023726227594797
0.3996733084570385
0.39911347871437425
0.3985593233384334
0.3980092125636363
0.3974646559157204
0.39692406607762865
0.3963889129917497
0.39585765056647604
0.39533171030548736
0.3948095861575166
0.3942926722966472
0.3937795015635428
0.3932714318774726
0.39276703385808476
0.39226763021143285
0.39177182825748674
0.3912809164986021
0.3907935379095494
0.39031094776749653
0.3898318236885333
0.3893573886731628
0.3888863539962958
0.3884199113012987
0.38795680456936626
0.38749819497821947
0.38704285829176666
0.38659192608646264
0.3861442050133813
0.3857007978858569
0.3852605413736918
0.3848245103398706
0.3843915706307066
0.38396276994706313
0.3835370024949114
0.38311528957747515
0.3826965529680759
0.382281788313795
0.38186994418675224
0.38146199129714675
0.3810569042703259
0.3806556295773443
0.3802571671734515
0.3798624399674686
0.37947047254275174
0.37908216490263125
0.37869656557762066
0.37831455230278105
0.377935196895012
0.3775593554394286
0.3771861223980791
0.3768163328061592
0.37644910314854213
0.37608524799281184
0.37572390524266186
0.37536586956320994
0.3750102996907044
0.3746579709363249
0.3743080622997885
0.37396133027076617
0.3736169735599999
0.3732757303524897
0.37293681853367683
0.37260095848562313
0.37226738674775967
0.3719368063863072
0.3716084720891078
0.37128307007946076
0.3709598727026986
0.3706395497983752
0.3703213908926001
0.37000604988704666
0.3696928330256506
0.36938237870516477
0.3690740094377422
0.36876834853567053
0.3684647343426426
0.36816377549480755
0.36786482574325696
0.36756847944458143
0.3672741053452769
0.3669822839075631
0.36669239847312346
0.36640501598394976
0.36611953398812
0.36583650627083186
0.36555534420883146
0.3652765887835762
0.36499966483349466
0.3647251008792825
0.3644523348644781
0.3641818831822318
0.36391319653471405
0.36364677951127766
0.3633820952360387
0.36311963680911286
0.36285887944938056
0.36260030507336816
0.36234340067674753
0.3620886372894656
0.3618355133749521
0.36158448936519777
0.3613350748910274
0.36108772006696305
0.36084194539927816
0.3605981909576206
0.36035598783992545
0.36011576633590636
0.3598770678592913
0.3596403131773678
0.3594050537514787
0.3591717010767794
0.3589398164015053
0.3587098021919808
0.3584812292298504
0.35825449118911173
0.3580291681383634
0.357805645189191
0.35758351145750744
0.3573631437160038
0.35714413989489063
0.3569268686452691
0.3567109364850516
0.3564967041550281
0.35628378654045845
0.35607253667724503
0.35586257760369805
0.3556542548505698
0.3554471994008025
0.3552417494742248
0.35503754379570074
0.35483491346300305
0.35463350474575106
0.35443364180332854
0.3542349782583276
0.3540378315103571
0.3538418623484295
0.353647381586089
0.35345405699728855
0.35326219297845673
0.353071464111943
0.3528821685413798
0.35269398748575287
0.35250721299573157
0.3523215327598315
0.3521372328912231
0.35195400738536564
0.3517721365691577
0.3515913205868037
0.3514118341260395
0.35123338332588383
0.3510562373780176
0.3508801082664832
0.3507052598261331
0.35053140974026553
0.35035881662235513
0.350187203713103
0.3500168245363874
0.3498474077522551
0.3496792019232112
0.3495119409942836
0.3493458686913614
0.34918072411368006
0.34901674627190676
0.3488536792921956
0.3486917575881182
0.34853073018884584
0.3483708270258057
0.34821180191057877
0.34805388040431173
0.3478968209835884
0.34774084494813906
0.3475857153252522
0.3474316492591941
0.3472784142166832
0.3471262232896388
0.346974848275877
0.3468244983153318
0.3466749494314403
0.34652640690983894
0.34637865089688424
0.3462318829190033
0.34608588714547084
0.34594086143606306
0.34579659388559747
0.34565327877729934
0.3455107080367038
0.3453690724581983
0.3452281677056958
0.34508818117012907
0.34494891216386
0.34481054475750034
0.3446728818242747
0.34453610419541
0.34440001821968874
0.34426480156775635
0.34413026398086766
0.34399658004581135
0.3438635628153883
0.34373138386723817
0.34359985948687827
0.3434691583155465
0.3433390997946849
0.3432098496999708
0.3430812305539645
0.34295340533576707
0.34282619957618143
0.3426997735249127
0.3425739556500078
0.34244890353720475
0.34232444852262
0.3422007455917432
0.3420776288813644
0.34195525083879064
0.34183344833581397
0.34171237134200505
0.3415918594001731
0.3414720600610315
0.3413528154760501
0.341234270834442
0.3411162708355725
0.34099895836302385
0.34088218060484227
0.34076607819340343
0.34065050074772596
0.3405355867019995
0.3404211880499691
0.3403074410792935
0.3401942001036245
0.34008159931441706
0.3399694952917979
0.33985802018004846
0.33974703277368845
0.3396366632176038
0.33952677246993573
0.3394174887227241
0.33930867504824547
0.33920045773105445
0.33909270190931196
0.3389855320042915
0.33887881517300433
0.3387726740165183
0.3386669776648368
0.33856184694080027
0.3384571529026947
0.3383530146360458
0.3382493050838265
0.3381461416341225
0.3380433990720873
0.3379411931272284
0.3378394003854305
0.33773813495550276
0.3376372751836433
0.33753693359488685
0.33743699025632323
0.33733755614520905
0.3372385130110836
0.3371399703185092
0.33704181146198664
0.33694414442758847
0.3368468542182059
0.3367500473747701
0.3366536104729011
0.3365576486408944
0.3364620499923087
0.3363669182745046
0.33627214310504355
0.33617782688125775
0.336083860691606
0.33599034561352814
0.33589717417408715
0.3358044461602126
0.3357120555060702
0.33562010073673426
0.33552847716273193
0.3354372820752277
0.3353464121311236
0.33525596341492314
0.33516583390064103
0.3350761184927026
0.33498671645368094
0.33489772153384306
0.33480903425646213
0.3347207472429298
0.334632762250032
0.334545170794946
0.3344578758414397
0.33437096782652964
0.3342843508950729
0.33419811442739306
0.33411216372416386
0.33402658713190825
0.3339412910824529
0.3338563629108494
0.3337717101560056
0.33368741916328964
0.33360339855518995
0.33351973370865107
0.3334363343068031
0.333353284778906
0.3332704958463422
0.3331880510109215
0.33310586201042125
0.33302401143894916
0.33294241202933605
0.3328611454872562
0.3327801255197588
0.33269943296289217
0.33261898247758065
0.33253885404859373
0.33245896327087365
0.3323793892958207
0.3323000486329747
0.3322210196178738
0.3321422196556941
0.3320637262831974
0.3319854577826864
0.3319074909088092
0.33182974480292976
0.331752295453822
0.3316750628442842
0.3315981222130985
0.3315213943672568
0.3314449538110547
0.3313687221588394
0.33129277319555483
0.3312170293264588
0.3311415636319218
0.331066299292045
0.3309913086970542
0.33091651578620185
0.33084199227365507
0.33076766284249015
0.33069359854456937
0.33061972479181617
0.3305461119872227
0.33047268625692555
0.3303995173681629
0.33032653214699426
0.33025379973771046
0.3301812476523262
0.3301089444246951
0.33003681823914216
0.32996493703130114
0.32989322964447276
0.32982176342800096
0.3297504678711356
0.3296794097485867
0.3296085191828172
0.3295378623852891
0.3294673700992352
0.32939710798398913
0.32932700739139553
0.3292571334395219
0.3291874180769378
0.3291179258910571
0.32904858941556103
0.3289794727175753
0.3289105089045387
0.3288417615334195
0.32877316427431624
0.3287047801839359
0.32863654348418736
0.32856851674118587
0.3285006347180483
0.3284329594997468
0.32836542638023886
0.3282980969725857
0.32823090709144864
0.32816391788700267
0.32809706568470826
0.3280304111806649
0.3279638912014454
0.32789756599769476
0.32783137288762376
0.32776537168484443
0.3276995001899438
0.32763381778773226
0.32756826275211925
0.32750289404715577
0.3274376504112177
0.32737259039546207
0.3273076531940724
0.3272428969529972
0.32717826131375705
0.32711380402461054
0.32704946516613076
0.3269853020962301
0.3269212553264368
0.3268573818314976
0.32679362254597255
0.3267300340684649
0.32666655774881725
0.32660324981635414
0.32654005202862074
0.32647702025237635
0.326414096645452
0.3263513367186037
0.32628868302269926
0.32622619071890974
0.3261638027440395
0.3261015739159522
0.326039447550451
0.3259774781282254
0.32591560933728747
0.3258538953271561
0.3257922801514055
0.3257308176342566
0.3256694521883443
0.3256082373183322
0.3255471177895551
0.32548614679273524
0.3254252694396839
0.32536453861267467
0.3253038997639046
0.325243405472572
0.32518300152529966
0.3251227402034654
0.325062567622287
0.3250025357704649
0.3249425910861011
0.324882785270249
0.3248230650783098
0.3247634819286132
0.32470398288838975
0.32464461909805953
0.324585337931333
0.3245261902554318
0.32446712374530756
0.32440818899959334
0.32434933398935667
0.3242906090491515
0.32423196244114083
0.32417344424021577
0.3241150029947218
0.3240566885242059
0.3239984496583871
0.32394033596569605
0.3238822965525157
0.3238243807402979
0.32376653790747895
0.323708817132584
0.3236511680615875
0.32359363953405057
0.3235361814590679
0.3234788424411155
0.3234215726480811
0.3233644204531539
0.32330733627877667
0.3232503682705705
0.323193467101384
0.32313668069290813
0.32307995996433403
0.323023352616987
0.32296680981242054
0.3229103790350836
0.32285401168499467
0.322797755033142
0.32274156071419025
0.3226854757890115
0.32262945212318184
0.32257353657072935
0.3225176812244784
0.3224619327348216
0.32240624341824425
0.3223506597246445
0.3222951341906546
0.32223971306875354
0.3221843491122782
0.3221290883793017
0.3220738838364916
0.3220187813504664
0.32196373409792245
0.3219087877569104
0.32185389571092016
0.32179910345226576
0.3217443645680583
0.32168972436764737
0.3216351366386587
0.32158064651019513
0.3215262079673504
0.3214718659616413
0.32141757467264687
0.3213633788769062
0.3213092329455577
0.32125518148271626
0.3212011790482174
0.3211472700762545
0.3210934093125486
0.32103964102382543
0.32098592013894134
0.3209322907595566
0.32087870799496393
0.32082521578411377
0.320771769414091
0.32071841266344586
0.3206651009944618
0.32061187802755053
0.32055869939765497
0.32050560856926585
0.32045256134749217
0.3203996010430786
0.3203466836288567
0.3202938522639583
0.32024106308654193
0.3201883591062141
0.3201356966241146
0.32008311850237126
0.32003058120280103
0.31997812744206394
0.31992571384039553
0.31987338297095735
0.3198210916101888
0.319768882189683
0.3197167116399124
0.3196646222527952
0.3196125711107065
0.31956060036774914
0.3195086672561077
0.3194568137938921
0.3194049973610511
0.3193532598414853
0.3193015587608939
0.3192499358707253
0.31919834884045756
0.3191468392908026
0.31909536503308283
0.3190439675589647
0.318992604819713
0.318941318179603
0.318890065727979
0.3188388887033519
0.3187877453313154
0.31873667672620953
0.318685641248084
0.3186346798886723
0.31858375114071713
0.31853289587488237
0.31848207271487683
0.3184313224117998
0.3183806037186275
0.3183299572683769
0.31827934194162644
0.31822879825476175
0.3181782852143271
0.31812784322150617
0.318077431407201
0.31802709005879315
0.31797677842996663
0.3179265366956766
0.31787632423084144
0.31782618109933924
0.3177760667958004
0.3177260212743557
0.31767600414785246
0.31762605526197923
0.317576134346331
0.3175262811394348
0.3174764554861928
0.31742669701922765
0.31737696569733387
0.31732730104846585
0.31727766314391737
0.31722809140819064
0.3171785460237121
0.31712906631272675
0.31707961256744793
0.31703022400903696
0.3169808610381749
0.3169315627760945
0.31688228973064403
0.3168330809242631
0.3167838969706905
0.31673477679469
0.31668568111463635
0.3166366487587122
0.3165876405486956
0.31653869521726996
0.31648977368840026
0.3164409146003325
0.3163920789780267
0.3163433053663368
0.31629455489004216
0.31624586600163196
0.3161971999245528
0.31614859501994114
0.316100012608771
0.3160514909618216
0.3160029914964807
0.3159545523941493
0.3159061351675276
0.3158577779096026
0.3158094422273041
0.3157611661261576
0.3157129113062541
0.31566471568659427
0.3156165410593823
0.31556842525801204
0.31552033016577186
0.31547229353135664
0.3154242773281157
0.315376319220943
0.3153283812722497
0.3152805010640077
0.3152326407467019
0.31518483782025075
0.31513705452224255
0.31508932827139763
0.31504162139144787
0.314993971220762
0.31494634016827167
0.3148987654928224
0.3148512096876198
0.31480370993280504
0.3147562288049376
0.31470880340626867
0.31466139639580454
0.31461404479870536
0.3145667113555345
0.31451943301514385
0.3144721725987808
0.3144249669797653
0.3143777790591559
0.31433064563551305
0.3142835296888524
0.314236467943728
0.314189423458271
0.3141424328837759
0.31409545935565664
0.3140485394526891
0.31400163638674616
0.3139547866648123
0.31390795357441037
0.3138611735514543
0.3138144099583154
0.31376769916054875
0.31372100459458285
0.3136743625563163
0.3136277365554573
0.31358116281894177
0.31353460492898333
0.31348809904424424
0.3134416088186828
0.3133951703433655
0.3133487473432432
0.31330237584245774
0.3132560196362085
0.313209714682378
0.3131634248456787
0.31311718601838906
0.31307096213400926
0.3130247890198638
0.31297863067752363
0.31293252287000006
0.31288642966622376
0.3128403867655326
0.312794358303511
0.31274837991645543
0.31270241580591107
0.3126565015457532
0.31261060140280117
0.31256475088912794
0.3125189143361438
0.31247312719473536
0.31242735386023035
0.31238162972293065
0.3123359192414179
0.312290257746011
0.31224460975788315
0.3121990105479659
0.3121534246993723
0.3121078874242351
0.31206236336695986
0.3120168876814662
0.31197142507281045
0.31192601063727865
0.3118806091399432
0.3118352556200324
0.3117899149020056
0.31174462196860175
0.3116993417030431
0.31165410903214713
0.3116088888972828
0.31156371616990375
0.31151855584891147
0.31147344275095673
0.31142834193186625
0.31138328815403754
0.311338246529622
0.3112932517673129
0.31124826903498676
0.3112033329881778
0.31115840884989854
0.3111135312230619
0.31106866538522837
0.3110238458872266
0.31097903806058247
0.31093427640457605
0.31088952630411715
0.3108448222074644
0.31080012955234126
0.3107554827365115
0.31071084724994136
0.31066625744042003
0.3106216788495923
0.3105771457757934
0.31053262381178404
0.3104881472069624
0.3104436816046465
0.31039926120580874
0.31035485170377575
0.3103104872515993
0.3102661335920647
0.31022182483081373
0.3101775267595419
0.310133273436984
0.31008903070320404
0.3100448325705302
0.3100006449268576
0.30995650173860634
0.309912368940966
0.30986828045494
0.3098242022624873
0.30978016823968435
0.3097361444147293
0.30969216461926374
0.3096481949272001
0.30960426912622907
0.30956035333545695
0.30951648129911147
0.30947261918097263
0.30942880068228185
0.30938499201098213
0.3093412268258097
0.30929747137835567
0.30925375928532545
0.30921005684145453
0.3091663976218896
0.30912274796400263
0.30907914140185433
0.3090355443149523
0.3089919901967384
0.3089484454683579
0.30890494358309806
0.3088614510032459
0.30881800114239916
0.30877456050349417
0.30873116246089927
0.30868777355770816
0.3086444271295217
0.30860108975910283
0.3085577947437373
0.30851450870537916
0.3084712649034514
0.3084280299986156
0.3083848372128845
0.3083416532451501
0.3082985112804626
0.3082553780554702
0.3082122867187057
0.30816920404410186
0.3081261631441178
0.30808313082950217
0.30804014017708303
