428.21259729150785
88.47542497529041
17.422455915876874
15.92508741407447
7.560383938155645
5.471637152197157
3.865670510900603
1.9897057783947785
1.680686846507104
0.9533591879897592
0.84171354757457
0.36340149449823067
0.29913581698085356
0.28435220189449767
0.2708156090549342
0.26117008198624586
0.24472400522141194
0.2410662191844996
0.23529382596727702
0.23120847161837396
0.2291008684760119
0.22599286542481734
0.2213255406246736
0.21432463837809793
0.21146395470675022
0.20636489973932837
0.20509914963459375
0.20354268297815964
0.2014737441525359
0.19900983122731808
0.19806292755874272
0.19539539466945727
0.19343482283051439
0.189524043018426
0.18874115932714752
0.18836907233619385
0.18763231966921726
0.1870318389321341
0.1865981848269507
0.1863608696415201
0.18498326511100738
0.1837393567320423
0.18343962527772056
0.18246916207681235
0.1815875108278011
0.17936044587763622
0.17771292795578897
0.17556262166223227
0.17538156814834763
0.17413514807749816
0.17274716124374245
0.17101898028991452
0.16768407083783554
0.16438930838837923
0.15967643353534594
0.15747081388862322
0.15546326908027117
0.14935651823738694
0.14866142020668588
0.13946337975186893
0.1378452514443608
0.13495486475148932
0.13391881283243418
0.13353323176563156
0.13299945742332064
0.13250572798595966
0.1310308365880325
0.13011999631976812
0.12854508511288842
0.12714770556162905
0.12559046891773595
0.12502864926015936
0.12397560301074678
0.12268085012572966
0.12146005861322212
0.11984786257461061
0.11909830435794579
0.11743087882051295
0.11446423734809491
0.1128647402310374
0.11173692549540434
0.1100525574129036
0.10892499128829768
0.10768398131313293
0.10691774393052753
0.1057356996577494
0.10467353170395083
0.10369346340094011
0.10328093891432588
0.10237045472751766
0.10135895946285803
0.10055786071595585
0.10036055025906769
0.09990485722560903
0.09943431175131509
0.09870276609733475
0.09780146033815733
0.09689435728220192
0.0962380509109226
0.09524454397693188
0.0949356456279873
0.09434472520566668
0.09351808675123041
0.09306751042486147
0.09215117076545595
0.09161641054229418
0.09093087826515049
0.09081418511292867
0.0902958430215914
0.09002356782172938
0.0895581782906169
0.08886739314162125
0.08838006772393316
0.0879983033748172
0.08701503546973527
0.08509211905126884
0.08403131692032242
0.08243079740642026
0.08207926483157164
0.08056177900065258
0.07836882270292164
0.0777044926227185
0.0771546564723954
0.07675685361954451
0.07623329168480827
0.07548109666987926
0.07476900771491912
0.07427764122092262
0.07361032780003128
0.07275992302637713
0.07141459556738365
0.07055709173981209
0.06959621790718129
0.06828382580714785
0.06738796636873505
0.06548683397656695
0.06494585231902399
0.0638195307539759
0.06349400435767369
0.062451949565078047
0.06165351611386823
0.06112611527202264
0.06056375453948946
0.05998858455524683
0.059518357723904916
0.05874181902189163
0.05836522927160431
0.05782082651854894
0.05743582087536113
0.05681958264760473
0.05623881830519267
0.0551947151984314
0.05393066106460869
0.05210251357427481
0.05130464526631074
0.048438440863354776
0.04609049931814456
0.04393894427110706
0.04313562914550423
0.042009095679729644
0.04159049902376254
0.041170915669800995
0.04042526588489174
0.039680914882920436
0.03837693796755616
0.037627779310120985
0.03625609821146362
0.034894060106010434
0.03343153799516061
0.032032782362771184
0.030773027999003034
0.02894891746844515
0.028203462064522913
0.02741587156424155
0.02643220331299735
0.025751374328715562
0.025080974188007893
0.024247008154741474
0.023713830548236094
0.02277693766221619
0.022314864783995463
0.0217026161387526
0.021173363674287148
0.02080600926191931
0.02050090624178883
0.02020777328724153
0.01989525719839611
0.019636320335611163
0.01954411878123166
0.019380844764422114
0.018874269418635903
0.017756636498898914
0.0171192845538562
0.016612477345751005
0.016433145484185566
0.01632957143406623
0.016161653257135818
0.016022963651225387
0.01575837188953089
0.015448088278088874
0.014937435496636484
0.014664041134948428
0.014495981610261378
0.01438889889170749
0.0141787903599562
0.013746856498809749
0.013276831271678103
0.01310039432184196
0.012889595490665321
0.01273596521948571
0.012454622255048795
0.012144912204663755
0.011829836412624504
0.011627566627629697
0.011270920713835769
0.010973612291921755
0.0106844612545875
0.010495639889035737
0.010339634006566303
0.010285990950232547
0.01015574290304831
0.009828945751665553
0.00919317936174444
0.008776329270497662
0.008653163713144852
0.008588358080392478
0.008518408399812771
0.008447223570159982
0.008312532336958573
0.008193901313175248
0.007951418213308609
0.007534756372215823
0.0072020501805009855
0.0068327110167039126
0.0065801796070297965
0.006346705636208719
0.0061992438079865615
0.005998815920108198
0.005773394737389537
0.00564613306792363
0.005551045558860042
0.00544263718510356
0.0053906170095915674
0.005323758068466156
0.005231032777450791
0.005078851190445047
0.004947475263720598
0.0047677164107187454
0.0047110053646659145
0.004679544758696369
0.004626803976242084
0.004579426052132419
0.004549388150676742
0.00450785751946497
0.004451533909351664
0.004401797787365875
0.004340777503026029
0.004295930025820358
0.004248386993327663
0.0041721419480180025
0.004103437269438453
0.004011847040724172
0.0039603513870562785
0.003943152273600419
0.003916255139526741
0.003873616990520282
0.0038459075799516726
0.0038026536291534546
0.003704493098253823
0.003576445426856978
0.0034934443870745955
0.003429146522241781
0.003358075421313929
0.003242871362428512
0.0031735657890601334
0.0030897242224711746
0.0030144299709490927
0.0029609178532767296
0.0029295085581006273
0.0029093274250509976
0.002896774022647301
0.002885596413223813
0.0028726997761721745
0.0028588247849525516
0.0028410417518381186
0.002824645709451749
0.002810719373028242
0.002799304579914076
0.0027955633875905075
0.0027927892611168915
0.002789485209166838
0.0027872885912244277
0.002784112180317972
0.0027746759078644202
0.0027619229755222775
0.002751056767386796
0.0027300726817536
0.0027214723977111565
0.002717299283713795
0.0027094547543238187
0.00270079343778585
0.002687384312632991
0.0026730238944696963
0.0026594523446876726
0.00264705580201392
0.0026414920023465635
0.002639521990630705
0.002637833226479587
0.002635934199228036
0.0026300983605484865
0.002622059667600641
0.0026047856532989628
0.00258209817540032
0.0025600835363205066
0.0025468595307187826
0.0025394982191532947
0.0025352369503361064
0.002532542056088713
0.002529859095906835
0.0025283439931707927
0.002526758780119753
0.0025244296298446256
0.0025208520006299415
0.002515180319653006
0.0025117971794258575
0.0025103677028394493
0.0025097701232816303
0.0025091842604146857
0.0025084673388633305
0.0025078808086461415
0.002507037389275471
0.0025059943115357257
0.002504151686482602
0.002501520114896391
0.002498068025213244
0.0024941790466390954
0.0024912794337482555
0.002489832510455451
0.0024886618665482143
0.002487444586013631
0.002485652189873554
0.0024813645829371337
0.0024769235928942105
0.0024703706900127756
0.002465406850833207
0.002456680621739325
0.0024480122645822544
0.0024426306464460754
0.0024391306718750654
0.0024345885992469794
0.002431064542245442
0.0024294628757257877
0.002427675338050582
0.0024262333144071504
0.002425330298004284
0.0024245799534295125
0.002423931505100414
0.0024230422854754395
0.002420481280124945
0.0024160457895306756
0.0024093474353239597
0.0024056914091869067
0.0023994111072070186
0.0023930950798374275
0.0023912993471912895
0.0023846902960440296
0.002371454358682126
0.0023643110147626746
0.0023532382287453084
0.00234503824086605
0.0023355827841546875
0.002325475432727539
0.002319225207546148
0.002313737452362401
0.002309430120343404
0.0023057556662177277
0.0022996522705309727
0.0022979360268737025
0.0022928722184908327
0.002288587353194555
0.00228450917926645
0.002280075285161255
0.0022773802268345367
0.002274087015355392
0.002271021635030254
0.002266773107043954
0.0022632275373146325
0.0022592616288142657
0.002257042825081841
0.0022536177317158406
0.0022512221625979266
0.0022481249377004934
0.002246455378990069
0.002243979934754763
0.0022422696983681956
0.0022398652839123482
0.002238454064788005
0.002237487912505065
0.002235249566772724
0.0022324714533468615
0.00223018723144047
0.0022286999366103537
0.002227413328604709
0.0022260203150745957
0.0022248596162493346
0.0022237142334992546
0.002222778359025215
0.002220609785665109
0.0022188216041710397
0.002215635955547021
0.0022129731064941746
0.0022088568968130174
0.0022026447570929254
0.0021984004236218326
0.002191684839560607
0.0021878327836172815
0.0021808280076719908
0.0021774498385450213
0.0021690877312408484
0.0021593594605428925
0.0021524987672251654
0.0021435667213785367
0.0021356046545549442
0.0021292656485066407
0.0021222198698096282
0.002118148463523206
0.0021108350398146274
0.0021063662519713662
0.0020991163977123303
0.002091266997473615
0.002077572229863517
0.002074545740964456
0.0020664744508125015
0.0020617365693772704
0.0020540972176341346
0.0020499507403442755
0.00204283788287634
0.002031705161683249
0.002024797058316077
0.0020200996445245986
0.002011161987373718
0.0020075880372084336
0.0019935245537057588
0.001984097360717398
0.0019782378677756962
0.001972006135207935
0.001967539459873775
0.001962948439674408
0.0019563793452431386
0.0019491528784332693
0.0019422861052494148
0.00193673611603875
0.0019327657341153596
0.0019282937967793545
0.0019250283537804737
0.0019217513743636748
0.0019161607270104593
0.001910682320421322
0.001908090958280217
0.0019047435775067355
0.0018996487968901954
0.0018961132173923216
0.001890250094374158
0.0018851202576013171
0.0018808052973468708
0.0018787509807827512
0.001875106957026178
0.0018704201692789114
0.0018637690464562637
0.001858305977621994
0.0018549391037467437
0.0018494484914326741
0.0018389475935726533
0.0018239195644913922
0.0018083278319071167
0.0017974933061844704
0.0017885731942860745
0.0017786906008321638
0.0017658636853862767
0.001756349810461903
0.0017484015539839717
0.0017426363610743676
0.001733338916018228
0.001726223469258473
0.0017150582084729056
0.0017069664379719047
0.0017013406762505317
0.0016969633653412797
0.0016897026484675522
0.0016843899528389342
0.0016789582873760374
0.0016752226677905135
0.0016707159236700937
0.0016662433364557914
0.001655455494430436
0.0016449535615357916
0.0016315411501204573
0.001619782881641097
0.001607896359756653
0.0015947742134424093
0.001585152761207975
0.0015683049565671729
0.0015594222891454925
0.001553705681385706
0.0015480362729054441
0.0015449539925136146
0.0015381837130658026
0.0015319395558640282
0.0015211961774007038
0.0015136160135645399
0.001507643237279462
0.0014946872210772994
0.0014859490706485541
0.0014789844227708479
0.0014720456904823856
0.0014682872289176327
0.0014627015965467322
0.0014546675618085344
0.0014467559166028592
0.0014347081593113198
0.0014278978834516634
0.001409532217471107
0.0014033205715727956
0.0013891223326545016
0.0013735064894056517
0.0013561498730536282
0.0013328018318410923
0.001325003805998419
0.0013175610237360221
0.0013062792243240659
0.001299644157359712
0.0012919430050481924
0.0012844426027640904
0.0012768164000636134
0.0012662171139012522
0.001259388468922432
0.0012488599803764312
0.001239829939775389
0.0012324751079252007
0.0012233713880095063
0.00121467154711971
0.0012027568408436089
0.0011899177519576391
0.0011717999236043304
0.0011498277521101543
0.0011345429423083022
0.0011235675125695786
0.001118300478468808
0.0011142282680129774
0.0011067698775663478
0.0010997025363193818
0.0010934548919535939
0.0010900997102824533
0.001087067064652679
0.0010819230189391357
0.0010786055402214635
0.001072046076830516
0.0010653441852387624
0.0010599857708522467
0.0010547197004784083
0.0010474518074385238
0.0010391358230107512
0.0010353140100079566
0.001031504114417724
0.0010244729845034915
0.0010163792210426638
0.0010041633308727235
0.0009954999337615433
0.0009878108547848297
0.0009793467422451372
0.0009730960084326126
0.0009695019231591028
0.0009626028314273624
0.0009562703977129175
0.0009480102523034624
0.0009426814576116859
0.0009386971011645265
0.000933871389309001
0.0009275196534088403
0.000918104838452397
0.0009099023220707426
0.0009056968565444279
0.0009014169850986793
0.0008999404320969534
0.0008982188820857627
0.000896433268585868
0.0008915123435180039
0.0008841929770096401
0.0008790104241309638
0.0008762663749427584
0.0008744386573408256
0.0008728146319001897
0.0008711555786930292
0.0008693866681227098
0.0008674571916001706
0.0008656493148520704
0.0008615680140633788
0.0008582007921437401
0.0008563014753969742
0.0008549814720039713
0.0008522983277150017
0.0008472158307469054
0.0008426438724514439
0.0008404044670493118
0.0008386686621331234
0.0008370938612519543
0.0008347871396510215
0.0008308681020787362
0.0008286338832318152
0.0008276951155250358
0.000826376679969789
0.0008249877822395008
0.0008227668160796064
0.0008193440602011586
0.0008117674581413776
0.000796702254083473
0.0007929427868226515
0.0007874039358030185
0.0007793189350564039
0.0007671808118353673
0.0007612752243446598
0.0007552594815897017
0.0007483114335819348
0.0007382003101244639
0.0007332528146471648
0.0007276076500671554
0.0007242826857899868
0.0007221008569034094
0.000719405909408757
0.0007171891494740539
0.0007122575846015243
0.0007061992916391988
0.0007020263378444149
0.0006958565873520276
0.0006919227687388779
0.0006844994105439314
0.0006808086052371388
0.0006760219839693119
0.0006700109809382383
0.0006647180024439525
0.0006594312441136886
0.0006522097128591583
0.0006439496596947834
0.0006347363765168168
0.0006279352664651278
0.0006174044233226364
0.0006131909781580607
0.0006086090893630727
0.0006061624928140702
0.000603068579967446
0.0005964477199751368
0.0005891374904273795
0.0005845342159893992
0.0005794457661032759
0.0005742749828014709
0.0005716177836741535
0.0005683889119776188
0.0005647939252642288
0.0005600324741071717
0.0005560300197010337
0.0005531848718924575
0.0005509123919167279
0.000548197909831625
0.0005461299678462535
0.000543866833465427
0.0005418483895205427
0.000539206210225395
0.0005371256172407408
0.0005360338493014163
0.0005340600655146251
0.0005325484256661985
0.000530268787471198
0.0005282102267009562
0.0005259772851769729
0.0005246510733234626
0.0005227244316671933
0.0005214574329805401
0.0005210730239927015
0.0005195167540415523
0.0005184135122058848
0.0005159954873359758
0.0005123838775630192
0.0005072585694597352
0.000505447626413715
0.000504258743076639
0.0005030905289868413
0.0005018028536609577
0.0005001560470002935
0.0004984689155581045
0.000494831625595138
0.0004909387879864053
0.0004883973697550255
0.00048724045283600183
0.0004862785594971755
0.0004848267357855251
0.00048281481435944324
0.0004817578266805538
0.0004814543133603753
0.00048120944112131896
0.0004806319196669309
0.000479909883862796
0.000478741076861852
0.00047781430054916934
0.0004767714990745472
0.0004746616072911405
0.00047263268375161556
0.0004705519988250663
0.0004685068996399015
0.00046486554377781516
0.00046251156332821874
0.0004588047902420836
0.00045628879581229443
0.0004526274075585834
0.0004508465668340714
0.0004479680307238557
0.0004447239436619042
0.00044176562556906367
0.0004384469916240342
0.00043569773743665826
0.00043153844357926357
0.00042619939449737307
0.00042247304789114085
0.0004191489373041776
0.0004159926149473927
0.00041235875930001754
0.00040877394774622403
0.0004050522402357997
0.00040311184139680677
0.0004010160255259941
0.00039810033740377015
0.0003959160035114375
0.0003942482410753683
0.0003924880364781494
0.0003900643583626911
0.0003869343406614134
0.0003846748055866449
0.0003834280936401169
0.0003818083603594995
0.00038015826951028867
0.00037886523285920955
0.00037804452984643497
0.0003774390550238872
0.0003769733177852463
0.00037630081423363135
0.00037544026349568794
0.00037325045701326967
0.0003723621393403604
0.0003711212064990779
0.00037019375365071236
0.00036964419491763604
0.00036912780200287017
0.00036826609397356397
0.0003675637558888797
0.0003663665916596055
0.00036456792785912747
0.00036286223114883655
0.00036128085760416917
0.0003592392436381833
0.0003580227470246293
0.0003570866705489484
0.00035599264978628545
0.00035515217403933776
0.000354482186592585
0.00035398949852198284
0.00035349190897192843
0.0003532691599794318
0.0003528310314642296
0.0003525751893884417
0.0003519355209679874
0.00035073417346954353
0.0003494664031759575
0.0003470204282360333
0.0003438115737911687
0.0003414509095020969
0.000340082660538706
0.0003381754229527463
0.00033759624934476804
0.0003366380487728508
0.000336353578602758
0.00033602919675522296
0.00033564111881740103
0.0003350687052348499
0.00033454664602396546
0.0003338426702632773
0.00033281862693305107
0.00033167908903081357
0.00033100217449095424
0.00033035963019807294
0.0003293805987726518
0.0003287647286734187
0.000328348735633558
0.00032759049889473764
0.000326127947040043
0.0003247966998170944
0.00032343324997815724
0.0003228137948079551
0.0003217596781255551
0.0003203406562861901
0.00031939991278999284
0.0003181689054598724
0.00031772495521361206
0.00031699334490863855
0.0003168347482760808
0.0003161512506239925
0.0003158369046642716
0.00031537696408796666
0.0003150561869231227
0.00031480678615149524
0.0003144310508525486
0.00031411343311164765
0.0003135492699930014
0.00031311297741220515
0.0003118781451710864
0.00031051039134973073
0.00030753273393579355
0.00030646743325182075
0.0003047007008648286
0.00030337050579424385
0.0003017071786318211
0.00029854852167453017
0.00029721537041595917
0.000294652804969066
0.00029260794753623086
0.0002889588875340977
0.0002848414758457198
0.00028259046419352996
0.00027986381376378215
0.00027806972804328667
0.0002757298390159595
0.0002742918599585906
0.00027109354120566825
0.0002682425128053419
0.0002652157027465683
0.00026334412425950773
0.00026203073666762204
0.0002610620676809641
0.0002599964084436848
0.00025883944261513635
0.0002578656670627678
0.0002572213280783547
0.0002569892605475135
0.00025683550134866155
0.00025673232112806134
0.0002564994458844248
0.0002561712508101839
0.0002555244628253628
0.00025449836124475164
0.0002528488341957281
0.0002513812196922847
0.0002506227547387369
0.0002495949493529839
0.0002488247924949346
0.0002479810668042504
0.0002470548719324747
0.000245867656752044
0.00024418913183391717
0.00024367215868573717
0.0002422366609485421
0.00024021494891126411
0.00023791062968693346
0.00023529453589832847
0.000231358638298346
0.00022903358869194492
0.0002272822103363352
0.0002256696692252901
0.00022414868231866839
0.00022168512935269918
0.00021933728204119216
0.0002175356959878776
0.00021653152642101933
0.0002153566560708939
0.000214619396075964
0.00021395217057275706
0.00021336052226382312
0.00021303164771878163
0.00021276423395635488
0.00021210259208271628
0.00021155038957138822
0.00021127850439271539
0.00021098843972945267
0.00021052224173217414
0.00020942599679184412
0.00020871546586572897
0.00020824185188368768
0.0002078558160167021
0.0002076404568880248
0.00020740807785332274
0.00020720780011353329
0.00020701487177211963
0.0002068614523398517
0.0002066759446271865
0.00020617425234586745
0.0002055208630760774
0.00020473363457541158
0.00020424621073956338
0.00020381491144900345
0.00020314173689340342
0.00020244289472866648
0.0002015971697115267
0.00020055222169185845
0.00019890329797473186
0.00019797505063255783
0.00019631707056976192
0.00019469728180590004
0.00019381524510276324
0.00019308541363656937
0.0001924178834966416
0.00019202584767293447
0.00019179319590158925
0.0001915780686830566
0.0001913021049111204
0.00019095533227567874
0.00019058415018930784
0.0001901917810522817
0.00019000856578674574
0.00018991100005228743
0.00018979908612931485
0.00018969740538469718
0.00018952401387589883
0.00018928149016486065
0.00018899221493779073
0.00018856071227697178
0.0001882027089909328
0.00018786188367590778
0.00018726751661087462
0.00018648609821548138
0.00018591719353045104
0.00018464854300931716
0.000183410364667853
0.00018132879697326616
0.0001800727160337821
0.0001788283406956243
0.00017642987165829044
0.00017286702679162897
0.0001706969370316677
0.00016761660483175314
0.00016447562729556608
0.00016327318907033048
0.0001613350609268953
0.00016028492561938286
0.00015707772137780915
0.00015529923936984636
0.0001540253508686608
0.00015145707240017537
0.00015041398889317455
0.00014948005616064792
0.00014890831658200337
0.00014835824598488144
0.00014766819589301407
0.000147411636891839
0.00014696756112613383
0.00014661500522116368
0.00014622122975467016
0.0001457838121965475
0.00014532811310135154
0.00014433616226182283
0.00014394664354081064
0.00014306792864413845
0.0001422670382472881
0.00014172342710306305
0.000141069884077132
0.00014041987085952444
0.00013986281516444038
0.00013926365407472479
0.0001387867982014223
0.00013833315221358048
0.00013808664695482702
0.00013777610725370742
0.0001376080910440642
0.0001373555053582263
0.00013708625173091055
0.00013687375989826983
0.00013672462279721364
0.00013654282504593502
0.000136376801008443
0.00013616699780507412
0.00013580943672773246
0.00013547788738097909
0.0001351524720171259
0.00013485104553226525
0.00013458772944097816
0.0001342055189553519
0.00013393087657484552
0.00013379174333451665
0.00013354751762516
0.00013344352649928955
0.00013321798453707267
0.00013293085598972443
0.00013268933897982472
0.00013251285794419441
0.00013231665681246168
0.00013186452733761524
0.00013135225782252518
0.00013091355158875416
0.00013052937945050682
0.0001296709854395187
0.0001279029308292596
0.00012751315400094264
0.00012607724741933783
0.0001251659490952013
0.00012317407792031474
